194000 0.51
0.0 0
5.15463917554381e-6 1
1.0309278358765948e-5 2
1.5463917584728385e-5 3
2.0618556938975005e-5 4
2.577319657853335e-5 5
3.092783675181489e-5 6
3.6082477817754775e-5 7
4.123712026437258e-5 8
4.6391764726867365e-5 9
5.1546412005324555e-5 10
5.6701063082091076e-5 11
6.185571913886125e-5 12
6.701038157350682e-5 13
7.21650520166781e-5 14
7.731973234819784e-5 15
8.247442471326675e-5 16
8.762913153849549e-5 17
9.27838555477769e-5 18
9.793859977800987e-5 19
0.00010309336759468456 20
0.00010824816270733832 21
0.00011340298918488977 22
0.0001185578514708581 23
0.000123712754398474 24
0.00012886770320568767 25
0.00013402270355007944 26
0.00013917776152367695 27
0.00014433288366768403 28
0.0001494880769871246 29
0.00015464334896540534 30
0.00015979870757880065 31
0.00016495416131086257 32
0.00017010971916675912 33
0.00017526539068754319 34
0.0001804211859643546 35
0.00018557711565255785 36
0.00019073319098581766 37
0.00019588942379011407 38
0.00020104582649769942 39
0.0002062024121609988 40
0.00021135919446645563 41
0.00021651618774832422 42
0.00022167340700241065 43
0.00022683086789976315 44
0.00023198858680031426 45
0.00023714658076647496 46
0.0002423048675766826 47
0.00024746346573890405 48
0.00025262239450409436 49
0.0002577816738796132 50
0.00026294132464259865 51
0.00026810136835330063 52
0.0002732618273683745 53
0.00027842272485413495 54
0.0002835840847997723 55
0.0002887459320305315 56
0.00029390829222085364 57
0.00029907119190748327 58
0.0003042346585025389 59
0.0003093987203065503 60
0.000314563406521462 61
0.00031972874726360307 62
0.0003248947735766254 63
0.0003300615174444096 64
0.00033522901180394 65
0.0003403972905581488 66
0.0003455663885887304 67
0.0003507363417689261 68
0.00035590718697627933 69
0.00036107896210536356 70
0.0003662517060804806 71
0.00037142545886833226 72
0.0003766002614906652 73
0.00038177615603688796 74
0.00038695318567666246 75
0.00039213139467247015 76
0.0003973108283921514 77
0.0004024915333214207 78
0.0004076735570763576 79
0.00041285694841587195 80
0.00041804175725414656 81
0.00042322803467305554 82
0.00042841583293455957 83
0.00043360520549307795 84
0.00043879620700783896 85
0.0004439888933552064 86
0.00044918332164098557 87
0.00045437955021270687 88
0.00045957763867188786 89
0.00046477764788627467 90
0.00046997964000206223 91
0.00047518367845609405 92
0.00048038982798804137 93
0.00048559815465256306 94
0.0004908087258314446 95
0.0004960216102457186 96
0.0005012368779677645 97
0.0005064546004333917 98
0.0005116748504539009 99
0.0005168977022281285 100
0.0005221232313544725 101
0.0005273515148428998 102
0.0005325826311269354 103
0.0005378166600756348 104
0.0005430536830055368 105
0.0005482937826926014 106
0.0005535370433841283 107
0.0005587835508106601 108
0.0005640333921978669 109
0.0005692866562784164 110
0.0005745434333038256 111
0.0005798038150562972 112
0.0005850678948605395 113
0.0005903357675955709 114
0.0005956075297065076 115
0.0006008832792163363 116
0.0006061631157376721 117
0.0006114471404844996 118
0.0006167354562838993 119
0.0006220281675877602 120
0.000627325380484476 121
0.0006326272027106269 122
0.0006379337436626473 123
0.000643245114408479 124
0.000648561427699209 125
0.0006538827979806954 126
0.0006592093414051764 127
0.0006645411758428671 128
0.000669878420893543 129
0.0006752211978981085 130
0.0006805696299501515 131
0.000685923841907487 132
0.000691283960403685 133
0.0006966501138595855 134
0.0007020224324948024 135
0.0007074010483392114 136
0.0007127860952444279 137
0.0007181777088952698 138
0.0007235760268212102 139
0.000728981188407814 140
0.0007343933349081664 141
0.0007398126094542857 142
0.0007452391570685247 143
0.0007506731246749614 144
0.0007561146611107759 145
0.000761563917137616 146
0.0007670210454529514 147
0.0007724862007014158 148
0.0007779595394861368 149
0.0007834412203800553 150
0.0007889314039372331 151
0.0007944302527041481 152
0.00079993793123098 153
0.0008054546060828834 154
0.0008109804458512499 155
0.0008165156211649603 156
0.0008220603047016245 157
0.000827614671198811 158
0.0008331788974652659 159
0.0008387531623921213 160
0.0008443376469640916 161
0.0008499325342706616 162
0.0008555380095172626 163
0.0008611542600364373 164
0.0008667814752989972 165
0.0008724198469251665 166
0.0008780695686957182 167
0.0008837308365630985 168
0.0008894038486625427 169
0.000895088805323179 170
0.0009007859090791248 171
0.0009064953646805714 172
0.0009122173791048598 173
0.0009179521615675459 174
0.0009236999235334577 175
0.0009294608787277405 176
0.0009352352431468956 177
0.0009410232350698063 178
0.000946825075068757 179
0.000952640986020442 180
0.000958471193116965 181
0.0009643159238768294 182
0.0009701754081559193 183
0.0009760498781584725 184
0.0009819395684480424 185
0.0009878447159584528 186
0.0009937655600047437 187
0.000999702342294106 188
0.0010056553069368102 189
0.0010116247004571248 190
0.0010176107718042268 191
0.0010236137723631021 192
0.0010296339559654384 193
0.0010356715789005106 194
0.0010417268999260555 195
0.001047800180279139 196
0.0010538916836870156 197
0.0010600016763779782 198
0.0010661304270922004 199
0.0010722782070925715 200
0.001078445290175521 201
0.0010846319526818364 202
0.0010908384735074737 203
0.0010970651341143578 204
0.0011033122185411758 205
0.001109580013414163 206
0.0011158688079578804 207
0.0011221788940059842 208
0.0011285105660119874 209
0.0011348641210600142 210
0.0011412398588755454 211
0.0011476380818361577 212
0.0011540590949822547 213
0.0011605032060277897 214
0.0011669707253709812 215
0.0011734619661050215 216
0.0011799772440287764 217
0.0011865168776574796 218
0.0011930811882334177 219
0.0011996704997366088 220
0.0012062851388954725 221
0.0012129254351974956 222
0.0012195917208998861 223
0.001226284331040224 224
0.0012330036034471036 225
0.0012397498787507664 226
0.0012465235003937308 227
0.0012533248146414117 228
0.0012601541705927345 229
0.0012670119201907408 230
0.0012738984182331897 231
0.0012808140223831486 232
0.0012877590931795805 233
0.0012947339940479214 234
0.0013017390913106538 235
0.0013087747541978708 236
0.0013158413548578348 237
0.0013229392683675302 238
0.0013300688727432074 239
0.0013372305489509208 240
0.0013444246809170618 241
0.0013516516555388827 242
0.0013589118626950165 243
0.001366205695255987 244
0.0013735335490947167 245
0.0013808958230970233 246
0.0013882929191721147 247
0.0013957252422630722 248
0.0014031932003573332 249
0.0014106972044971627 250
0.0014182376687901206 251
0.0014258150104195233 252
0.001433429649654897 253
0.0014410820098624266 254
0.0014487725175153972 255
0.0014565016022046304 256
0.0014642696966489135 257
0.0014720772367054235 258
0.0014799246613801443 259
0.0014878124128382773 260
0.0014957409364146478 261
0.0015037106806241036 262
0.0015117220971719084 263
0.0015197756409641285 264
0.0015278717701180157 265
0.0015360109459723803 266
0.0015441936330979633 267
0.0015524202993077978 268
0.0015606914156675684 269
0.0015690074565059614 270
0.0015773688994250136 271
0.0015857762253104497 272
0.0015942299183420194 273
0.0016027304660038253 274
0.0016112783590946462 275
0.001619874091738255 276
0.0016285181613937302 277
0.0016372110688657624 278
0.0016459533183149557 279
0.0016547454172681215 280
0.0016635878766285694 281
0.0016724812106863906 282
0.0016814259371287369 283
0.0016904225770500924 284
0.0016994716549625433 285
0.0017085736988060383 286
0.0017177292399586464 287
0.0017269388132468075 288
0.001736202956955579 289
0.001745522212838876 290
0.0017548971261297063 291
0.0017643282455504017 292
0.0017738161233228414 293
0.0017833613151786714 294
0.00179296438036952 295
0.0018026258816772047 296
0.001812346385423938 297
0.0018221264614825248 298
0.001831966683286556 299
0.0018418676278405964 300
0.001851829875730369 301
0.0018618540111329314 302
0.0018719406218268499 303
0.0018820902992023661 304
0.001892303638271562 305
0.0019025812376785153 306
0.001912923699709453 307
0.0019233316303029005 308
0.0019338056390598218 309
0.0019443463392537594 310
0.001954954347840966 311
0.0019656302854705347 312
0.001976374776494519 313
0.0019871884489780518 314
0.0019980719347094606 315
0.002009025869210375 316
0.002020050891745829 317
0.0020311476453343615 318
0.00204231677675811 319
0.0020535589365728996 320
0.0020648747791183275 321
0.002076264962527843 322
0.002087730148738823 323
0.002099271003502641 324
0.0021108881963947342 325
0.0021225824008246643 326
0.002134354294046172 327
0.002146204557167232 328
0.002158133875160098 329
0.0021701429368713434 330
0.0021822324350319034 331
0.0021944030662671052 332
0.0022066555311066978 333
0.0022189905339948758 334
0.0022314087833003 335
0.0022439109913261106 336
0.00225649787431994 337
0.002269170152483918 338
0.002281928549984673 339
0.0022947737949633312 340
0.0023077066195455066 341
0.002320727759851291 342
0.0023338379560052394 343
0.0023470379521463463 344
0.002360328496438023 345
0.0023737103410780697 346
0.002387184242308639 347
0.0024007509604261996 348
0.0024144112597914956 349
0.0024281659088394966 350
0.0024420156800893504 351
0.002455961350154326 352
0.002470003699751756 353
0.0024841435137129705 354
0.0024983815809932323 355
0.0025127186946816635 356
0.0025271556520111674 357
0.002541693254368352 358
0.0025563323073034445 359
0.002571073620540199 360
0.002585918007985809 361
0.0026008662877408067 362
0.0026159192821089616 363
0.0026310778176071785 364
0.002646342724975386 365
0.002661714839186423 366
0.0026771949994559216 367
0.002692784049252186 368
0.002708482836306066 369
0.0027242922126208273 370
0.0027402130344820193 371
0.002756246162467337 372
0.002772392461456477 373
0.0027886528006409957 374
0.0028050280535341565 375
0.0028215190979807778 376
0.0028381268161670747 377
0.0028548520946304985 378
0.0028716958242695706 379
0.0028886589003537127 380
0.0029057422225330755 381
0.0029229466948483595 382
0.0029402732257406347 383
0.0029577227280611564 384
0.0029752961190811756 385
0.002992994320501748 386
0.003010818258463535 387
0.003028768863556607 388
0.0030468470708302367 389
0.003065053819802691 390
0.0030833900544710224 391
0.0031018567233208508 392
0.003120454779336146 393
0.003139185180009004 394
0.0031580488873494206 395
0.003177046867895063 396
0.0031961800927210295 397
0.0032154495374496217 398
0.0032348561822600932 399
0.003254401011898412 400
0.0032740850156870067 401
0.003293909187534517 402
0.003313874525945534 403
0.0033339820340303468 404
0.0033542327195146713 405
0.00337462759474939 406
0.0033951676767202768 407
0.0034158539870577246 408
0.0034366875520464683 409
0.0034576694026352993 410
0.0034788005744467872 411
0.003500082107786985 412
0.0035215150476551414 413
0.0035431004437534016 414
0.0035648393504965105 415
0.003586732827021511 416
0.0036087819371974326 417
0.0036309877496349873 418
0.0036533513376962546 419
0.0036758737795043648 420
0.0036985561579531757 421
0.0037213995607169557 422
0.003744405080260049 423
0.0037675738138465515 424
0.003790906863549973 425
0.003814405336262902 426
0.003838070343706662 427
0.003861903002440971 428
0.0038859044338735915 429
0.003910075764269979 430
0.0039344181247629294 431
0.00395893265136222 432
0.0039836204849642495 433
0.004008482771361673 434
0.004033520661253032 435
0.004058735310252389 436
0.004084127878898943 437
0.004109699532666664 438
0.004135451441973904 439
0.004161384782193012 440
0.004187500733659952 441
0.0042138004816839065 442
0.004240285216556883 443
0.004266956133563324 444
0.004293814432989691 445
0.004320777180269073 446
0.00434781009490975 447
0.004374995389930803 448
0.004402421544789274 449
0.004430181219373536 450
0.004458370283142567 451
0.004487087233631427 452
0.004516432804671741 453
0.004546509682775473 454
0.004577422291496411 455
0.004609276621493828 456
0.00464218009289109 457
0.004676241441349152 458
0.0047115706220958705 459
0.004748278727894891 460
0.004786477918063921 461
0.004826281356407148 462
0.0048678031564487285 463
0.004911158332725048 464
0.004956462757162912 465
0.005003833119770539 466
0.005053386893018895 467
0.005105242299406385 468
0.005159518281789628 469
0.0052163344761336295 470
0.0052758111863908715 471
0.005338069361264013 472
0.005403230572643552 473
0.005471416995541847 474
0.00554275138936967 475
0.005617357080422052 476
0.005695357945457445 477
0.005776878396268738 478
0.005862043365156968 479
0.0059509782912290565 480
0.006043809107449889 481
0.0061406622283867555 482
0.006241664538590872 483
0.0063469433815664805 484
0.006456626549283095 485
0.006570842272190852 486
0.006689719209702839 487
0.006813386441111652 488
0.006941973456910508 489
0.007075610150491833 490
0.007214426810198739 491
0.007358554111706803 492
0.007508123110715579 493
0.007663265235930864 494
0.007824112282320354 495
0.007990796404626653 496
0.008163450111122853 497
0.008342206257597027 498
0.00852719804155301 499
0.008718558996615708 500
0.008916422987130114 501
0.00912092420294387 502
0.009332197154364003 503
0.009550376667279033 504
0.009775597878438286 505
0.010007996230880754 506
0.010247707469506352 507
0.010494867636782854 508
0.010749613068582273 509
0.011012080390140705 510
0.011282406512136203 511
0.011560728626879372 512
0.011847184204611845 513
0.012141910989908002 514
0.012445046998175557 515
0.01275673051225094 516
0.01307710007908553 517
0.013406294506519124 518
0.013744452860137132 519
0.014091714460208227 520
0.014448218878699296 521
0.014814105936364756 522
0.015189515699907464 523
0.015574588479208461 524
0.015969464824623143 525
0.016374285524341288 526
0.016789191601808803 527
0.017214324313208934 528
0.017649825145000818 529
0.018095835811513496 530
0.018552498252593384 531
0.01901995463130348 532
0.019498347331672553 533
0.01998781895649264 534
0.020488512325163303 535
0.02100057047158118 536
0.02152413664207325 537
0.022059354293372628 538
0.02260636709063536 539
0.023165318905497133 540
0.023736353814168585 541
0.024319616095568014 542
0.024915250229490468 543
0.025523400894812108 544
0.02614421296772873 545
0.026777831520027634 546
0.02742440181739161 547
0.028084069317734446 548
0.028756979669566828 549
0.029443278710391898 550
0.030143112465129646 551
0.03085662714456927 552
0.03158396914384888 553
0.03232528504096169 554
0.033080721595288055 555
0.03385042574615271 556
0.034634544611406394 557
0.035433225486031436 558
0.03624661584077062 559
0.037074863320778556 560
0.037918115744295364 561
0.03877652110134168 562
0.039650227552434844 563
0.04053938342732548 564
0.04144413722375411 565
0.04236463760622733 566
0.04330103340481286 567
0.04425347361395348 568
0.04522210739129877 569
0.0462070840565549 570
0.04720855309035165 571
0.04822666413312615 572
0.04926156698402353 573
0.050313411599813396 574
0.051382348093822354 575
0.05246852673488192 576
0.05357209794629141 577
0.054693212304795825 578
0.05583202053957802 579
0.05698867353126516 580
0.058163322310949006 581
0.05935611805921957 582
0.060567212105212286 583
0.06179675592566808 584
0.06304490114400602 585
0.06431179952940871 586
0.06559760299591964 587
0.0669024636015525 588
0.06822653354741241 589
0.06956996517682842 590
0.07093291097449737 591
0.07231552356563871 592
0.0737179557151601 593
0.07514036032683391 594
0.07658289044248356 595
0.07804569924118059 596
0.07952894003845136 597
0.0810327662854938 598
0.08255733156840366 599
0.0841027896074102 600
0.08566929425612124 601
0.08725699950077716 602
0.08886605945951394 603
0.09049662838163507 604
0.09214886064689168 605
0.09382291076477156 606
0.09551893337379626 607
0.0972370832408263 608
0.09897751526037463 609
0.10074038445392752 610
0.10252584596927378 611
0.10433405507984096 612
0.10616516718403944 613
0.10801933780461377 614
0.109896722588001 615
0.11179747730369632 616
0.11372175784362569 617
0.11566972022152514 618
0.11764152057232696 619
0.11963731515155247 620
0.12165726033471128 621
0.12370151261670695 622
0.12577022861124906 623
0.12786356505027127 624
0.12998167878335595 625
0.132124726777164 626
0.13429286611487143 627
0.13648625399561123 628
0.13870504773392126 629
0.1409494047591974 630
0.14321948261515283 631
0.1455154389592821 632
0.14783743156233115 633
0.1501856183077721 634
0.1525601571912839 635
0.15496120632023755 636
0.1573889239131864 637
0.1598434682993619 638
0.1623249979181738 639
0.16483367131871546 640
0.16736964715927366 641
0.16993308420684328 642
0.17252414133664676 643
0.17514297753165756 644
0.17778975188212903 645
0.18046462358512652 646
0.18316775194406495 647
0.18589929636825 648
0.18865941637242384 649
0.1914482715763149 650
0.19426602170419185 651
0.19711282658442167 652
0.19998884614903148 653
0.20289424043327461 654
0.20582916957520073 655
0.20879379381522895 656
0.2117882734957258 657
0.21481276906058633 658
0.21786744105481895 659
0.22095245012413411 660
0.22406795701453633 661
0.22721412257191997 662
0.23039110774166835 663
0.23359907356825643 664
0.236838181194857 665
0.2401085918629497 666
0.24341046691193396 667
0.24674396777874505 668
0.2501092559974732 669
0.2535064931989858 670
0.25693584111055356 671
0.2603974615554782 672
0.26389151645272524 673
0.26741816781655786 674
0.2709775777561751 675
0.2745699084753526 676
0.27819532227208615 677
0.28185398153823765 678
0.2855460487591854 679
0.2892716865134754 680
0.29303105747247693 681
0.29682432440003953 682
0.3006516501521541 683
0.30451319767661544 684
0.3084091300126879 685
0.31233961029077434 686
0.3163048017320862 687
0.3203048676483172 688
0.3243399714413197 689
0.3284102766027826 690
0.3325159467139124 691
0.3366571454451166 692
0.34083403655568956 693
0.3450467838935004 694
0.3492955513946833 695
0.3535805030833311 696
0.3579018030711892 697
0.36225961555735353 698
0.3666541048279705 699
0.37108543525593796 700
0.3755537713006099 701
0.3800592775075022 702
0.384602118508001 703
0.38918245901907356 704
0.3938004638429797 705
0.398456297866988 706
0.40315012606309086 707
0.4078821134877241 708
0.41265242528148743 709
0.4174612266688668 710
0.42230868295795954 711
0.4271949595402006 712
0.4321202218900908 713
0.4370846355649279 714
0.44208836620453784 715
0.44713157953101024 716
0.4522144413484328 717
0.4573371175426303 718
0.4624997740809032 719
0.46770257701176987 720
0.4729456924647092 721
0.4782292866499054 722
0.4835535258579949 723
0.48891857645981424 724
0.4943246049061504 725
0.4997717777274926 726
0.5052602615337851 727
0.5107902230141821 728
0.516361828936805 729
0.5219752461485 730
