0.00038547792841239396 166.90486980558046 432981.6508379215
0.00037353389922058846 161.75994017912623 433052.9050151878
0.0003735338992744593 161.7599402025382 433052.9050154101
0.0003854779287591662 166.90486995515099 432981.65083642857
0.00037166539556988476 160.9614726378567 433081.6765737635
0.0003758946351260456 162.7843866431217 433058.5526673893
0.0003758946355429889 162.78438682344674 433058.5526667619
0.00037166539585498657 160.961472759418 433081.6765686216
0.0003725333785428228 161.3322676645506 433067.9529861387
0.0003771449232012908 163.32279683441615 433050.4980634383
0.00037714492338173364 163.32279691231238 433050.4980627896
0.00037253337877036423 161.33226776218447 433067.95298370393
0.00037466055422671755 162.24966935192376 433057.7839634059
0.00037736019139925027 163.41537345371228 433048.787811371
0.0003773601916851584 163.41537357732528 433048.7878108432
0.00037466055450671547 162.2496694726275 433057.78396193375
0.0003735338992205811 161.75994017912305 433052.90501518786
0.00036156763482553234 156.59877120376436 433110.5887818973
0.00036156763497810084 156.59877126990062 433110.5887820556
0.00037353390002210047 161.75994052545846 433052.9050131402
0.0003758946351260425 162.78438664312046 433058.5526673895
0.00038023100270955824 164.65254394169463 433032.92674286605
0.00038023100368280533 164.6525443625617 433032.92674133816
0.00037589463583260693 162.78438694691587 433058.55266156787
0.0003771449232012904 163.32279683441598 433050.4980634383
0.0003817720375573116 165.31950731113506 433031.9956613305
0.00038177203800413413 165.31950750360613 433031.9956586656
0.0003771449237425854 163.3227970645299 433050.49805205234
0.00037736019139925195 163.41537345371287 433048.7878113707
0.0003800049195491898 164.55714322289475 433039.5075361482
0.00038000492016460426 164.55714348880684 433039.5075346043
0.00037736019198618474 163.41537370671756 433048.7878082812
0.00037353389927444636 161.75994020253262 433052.90501541016
0.0003615676349780883 156.59877126989514 433110.5887820555
0.00036156763513079646 156.5987713360894 433110.58878220693
0.00037353390007614583 161.75994054894622 433052.90501336305
0.00037589463554297945 162.78438682344262 433058.55266676185
0.00038023100368279075 164.65254436255537 433032.9267413381
0.0003802310046563796 164.65254478375297 433032.92674029025
0.0003758946362500022 162.78438712748405 433058.5526610666
0.0003771449233817338 163.32279691231244 433050.49806278956
0.0003817720380041338 165.31950750360596 433031.99565866555
0.0003817720384511929 165.31950769617913 433031.9956559997
0.00037714492392312924 163.32279714233903 433050.49805105675
0.00037736019168516295 163.41537357732724 433048.7878108432
0.0003800049201646093 164.5571434888091 433039.5075346044
0.00038000492077987767 164.55714375465777 433039.5075330602
0.00037736019227199393 163.41537383028785 433048.7878077537
0.00038547792875915705 166.90486995514703 432981.65083642857
0.0003735339000220875 161.75994052545292 433052.90501314035
0.00037353390007613824 161.75994054894295 433052.90501336305
0.0003854779291060931 166.90487010478822 432981.6508349349
0.000371665395854981 160.96147275941556 433081.6765686215
0.0003758946358325972 162.78438694691175 433058.5526615681
0.00037589463624999886 162.78438712748263 433058.5526610667
0.0003716653961406601 160.96147288097706 433081.6765628074
0.00037253337877036423 161.33226776218456 433067.95298370416
0.0003771449237425852 163.3227970645299 433050.4980520526
0.00037714492392312886 163.32279714233883 433050.4980510567
0.0003725333789979327 161.3322678597497 433067.9529810535
0.0003746605545067179 162.24966947262848 433057.7839619336
0.00037736019198618984 163.41537370671972 433048.7878082811
0.0003773601922719964 163.41537383028893 433048.7878077537
0.00037466055478665235 162.24966959330996 433057.7839604754
