433383.9294681541 0.00025 108.34598236703853
432073.65660761856 0.0005 216.36439651894318
427100.96729900833 0.00075 323.13963834369525
415294.6579168368 0.001 426.96330282290444
395807.1211125643 0.00125 525.9150831010455
370807.38277697423 0.0015 618.6169287952891
343242.2506219106 0.00175 704.4274914507668
315128.07207937026 0.002 783.2095094706093
287675.48899699363 0.0022500000000000003 855.1283817198578
261740.68562875743 0.0025000000000000005 920.5635531270472
237919.6949255164 0.0027500000000000007 980.0434768584263
216520.8803784714 0.003000000000000001 1034.173696953044
197584.6061622458 0.003250000000000001 1083.5698484936056
180975.41387996753 0.0035000000000000014 1128.8137019635974
166461.37206315497 0.0037500000000000016 1170.4290449793862
153770.93560442317 0.004000000000000002 1208.871778880492
142668.94431904965 0.004250000000000002 1244.5390149602545
132372.2633978756 0.004500000000000002 1277.6320808097234
121336.362291302 0.0047500000000000025 1307.966171382549
110304.77506285015 0.005000000000000003 1335.5423651482615
101072.83204715067 0.005250000000000003 1360.8105731600492
93589.4210723812 0.005500000000000003 1384.2079284281444
87394.91366565367 0.005750000000000003 1406.056656844558
82131.60571817028 0.006000000000000004 1426.5895582741005
77562.32776714677 0.006250000000000004 1445.980140215887
73524.098551115 0.006500000000000004 1464.3611648536657
69906.88113474144 0.006750000000000004 1481.8378851373511
66634.79608621942 0.0070000000000000045 1498.496584158906
63647.13056800861 0.007250000000000005 1514.4083668009082
60904.40258329394 0.007500000000000005 1529.6344674467316
58141.74925085267 0.007750000000000005 1544.1699047594448
54152.53368889063 0.008000000000000005 1557.7080381816675
48525.66147679155 0.008250000000000006 1569.8394535508653
42533.60121369934 0.008500000000000006 1580.4728538542902
37190.08240745001 0.008750000000000006 1589.7703744561527
32772.64516916041 0.009000000000000006 1597.9635357484428
29202.30595933359 0.009250000000000006 1605.2641122382763
26313.80224396292 0.009500000000000007 1611.842562799267
23952.863031694316 0.009750000000000007 1617.8307785571906
21997.23392541255 0.010000000000000007 1623.3300870385438
20354.77444915983 0.010250000000000007 1628.4187806508337
18957.338616218003 0.010500000000000008 1633.1581153048883
17754.188306068132 0.010750000000000008 1637.5966623814054
16706.25312409053 0.011000000000000008 1641.773225662428
15786.042724646682 0.011250000000000008 1645.7197363435898
14971.49744354622 0.011500000000000008 1649.4626107044764
14244.082622935617 0.011750000000000009 1653.0236313602104
13589.466849636114 0.012000000000000009 1656.4209980726193
12998.526662491471 0.01225000000000001 1659.6706297382423
12460.87996214609 0.01250000000000001 1662.7858497287789
