433425.3294469554 0.00015 65.0137994170433
432609.56854697125 0.0003 129.90523469908896
429645.65179032297 0.00045 194.3520824676374
422036.67062104656 0.0006 257.65758306079437
407466.84005021525 0.0007499999999999999 318.7776090683266
385184.298352029 0.0008999999999999999 376.555253821131
356691.61161615554 0.00105 430.0589955635543
325040.2932768694 0.0012 478.8150395550847
293362.7119748566 0.0013499999999999999 522.8194463513132
263834.39012651757 0.0014999999999999998 562.3946048702909
237496.8855371547 0.0016499999999999998 598.0191377008641
214571.61250434947 0.0017999999999999997 630.2048795765165
194836.41157163793 0.0019499999999999997 659.4303413122623
177888.1919486278 0.0021 686.1135701045564
163308.4973946984 0.00225 710.6098447137612
150699.1837868551 0.0024 733.2147222817895
139676.28814073434 0.0025499999999999997 754.1661655028996
129933.84190935196 0.0026999999999999997 773.6562417893024
121249.41821569476 0.0028499999999999997 791.8436545216566
113429.93388376482 0.0029999999999999996 808.8581446042214
106240.65574884666 0.0031499999999999996 824.7942429665484
99481.95292222145 0.0032999999999999995 839.7165359048817
93051.1489017378 0.0034499999999999995 853.6742082401423
86788.07962451699 0.0035999999999999995 866.6924201838199
80444.37461453541 0.0037499999999999994 878.7590763760002
73795.52581996296 0.0038999999999999994 889.8284052489946
66859.93429883644 0.00405 899.8573953938201
59991.91979765366 0.0042 908.8561833634681
53575.735799867725 0.00435 916.8925437334482
47850.89719982815 0.0045 924.0701783134224
42914.73454362725 0.00465 930.5073884949664
38725.67287517952 0.0048 936.3162394262433
35152.03954547354 0.0049499999999999995 941.5890453580644
32072.766617392957 0.0050999999999999995 946.3999603506733
29402.72952710242 0.0052499999999999995 950.8103697797386
27074.686028814205 0.005399999999999999 954.8715726840608
25040.181305647926 0.005549999999999999 958.627599879908
23258.6458562449 0.005699999999999999 962.1163967583446
21693.92457639944 0.005849999999999999 965.3704854448046
20314.26682878638 0.005999999999999999 968.4176254691225
19092.081859402573 0.006149999999999999 971.2814377480329
18003.422681130953 0.006299999999999999 973.9819511502026
17027.46468669808 0.006449999999999999 976.5360708532073
16145.541908699552 0.006599999999999999 978.9579021395123
15344.6584891668 0.006749999999999999 981.2596009128873
14616.186538858396 0.006899999999999999 983.452028893716
13950.774961693447 0.007049999999999999 985.5446451379701
13341.417697369672 0.007199999999999999 987.5458577925755
12782.870212419155 0.007349999999999999 989.4632883244384
12268.366843008229 0.007499999999999999 991.3035433508896
